972357227946435.8
468123133853015.0
553994202569040.44
3487254504430.666
8332709836.845369
0.003318912638701987
0.0033323882419307787
0.003653367235958563
0.0035449601327924825
0.003457684450144974
0.0037873175065963973
0.005850561109983691
0.004226204332337811
0.0032339232831534817
0.003923143439880106
0.004789281883404026
0.004179516235420919
0.0047677882825177985
0.004033309634890162
0.0036530205509078674
0.004948460896301223
0.003019219960542346
0.005040072383368942
0.004277972618352359
0.003986174419580506
0.003194149786967653
0.005761255162687848
0.0037090758171785215
0.004280430657276108
0.005128451691773744
0.004144732232720207
0.0036928400803302877
0.004454412414468836
0.003481919092919183
0.0048350442869114696
0.004184515563700825
0.004237799755972136
0.004721797204505362
0.004081297675077109
0.0032092627200852593
0.004265494740723401
0.004436163934457827
0.005090205041783601
0.005098705845080266
0.004587252100243563
0.004379843061771082
0.0030135485577201136
0.0036479966663533134
0.004648631026778909
0.004920401850662634
0.0037693049707509477
0.0020645958533332042
0.00317537748723475
0.0036761574696913793
0.003709969037109541
0.002969774938733693
0.004674560909304912
0.0038474602252596343
0.004130493428084911
0.004015816833881137
0.003991673831459329
0.004741400373396227
0.003679240328428852
0.0027999003488854107
0.003645550061404978
0.003858137042861481
0.0034934555104415527
0.00367822554148281
0.003368916389651994
0.003446398930253974
0.003133649351462196
0.0034689422899362617
0.0027406360724176863
0.00239505168334199
0.0034294633192168975
0.0029284714451719572
0.003273581740569986
0.003153693380065714
0.0029818758097251478
0.0030362597623702033
0.002863494945897301
0.0027503212801230194
0.00343010379093129
0.004181494332334838
0.0031983304234306583
0.0021419399065157117
0.0035629631540123174
0.0032123365923261283
0.0029241619831211763
0.0030559926614706677
0.002419397339989818
0.0034555532205343253
0.0029219084888645456
0.0034961209210213834
0.005011741309438835
0.0029630901327786017
0.0037540527793330065
